-256
-228
-212
-192
-224
-208
-244
-220
-256
-248
-252
-216
-204
-180
-208
-192
-260
-244
-240
-220
-192
-204
-300
-188
-204
-184
-208
-192
-180
-240
-192
-276
-212
-192
-232
-236
-232
-208
-268
-236
-248
-268
-172
-208
-244
-180
-232
-224
-232
-228
-304
-244
-244
-200
-148
-244
-212
-244
-180
-196
-176
-252
-208
-172
-232
-192
-260
-276
-236
-180
-236
-196
-244
-180
-268
-252
-216
-180
-244
-256
-220
-216
-212
-256
-260
-192
-280
-220
-208
-180
-188
-224
-224
-200
-224
-260
-140
-208
-244
-220
-268
-196
-232
-180
-232
-216
-232
-296
-260
-276
-248
-188
-244
-160
-232
-220
-256
-208
-204
-180
-208
-196
-256
-140
-196
-200
-224
-224
-256
-212
-224
-176
-248
-232
-248
-224
-236
-240
-228
-252
-272
-212
-228
-244
-164
-240
-224
-236
-268
-236
-280
-172
-224
-196
-244
-272
-204
-164
-264
-188
-196
-208
-264
-236
-208
-256
-228
-252
-212
-212
-180
-204
-184
-188
-216
-244
-196
-220
-256
-212
-200
-220
-252
-272
-204
-204
-212
-248
-228
-232
-200
-232
-224
-256
-304
-220
-184
-248
-272
-192
-292
-204
-224
-264
-228
-280
-228
-216
-264
-244
-284
-208
-228
-196
-220
-196
-200
-260
-200
-236
-208
-264
-152
-252
-176
-188
-248
-228
-264
-196
-260
-276
-152
-196
-232
-236
-212
-236
-224
-152
-224
-272
-300
-188
-208
-188
-228
-248
-252
-204
-252
-268
-208
-248
-240
-252
-208
-184
-220
-272
-280
-176
-184
-204
-204
-152
-220
-236
-288
-252
-248
-272
-204
-268
-236
-204
-160
-280
-240
-260
-172
-184
-260
-228
-152
-204
-228
-148
-228
-228
-180
-200
-244
-172
-244
-316
-224
-200
-244
-252
-200
-244
-224
-236
-240
-260
-192
-148
-196
-200
-208
-208
-204
-292
-232
-212
-260
-168
-260
-256
-292
-268
-216
-228
-284
-168
-216
-220
-232
-220
-236
-176
-208
-224
-240
-268
-244
-228
-216
-184
-172
-228
-224
-244
-232
-240
-252
-220
-184
-236
-232
-172
-208
-280
-244
-232
-220
-256
-224
-244
-256
-260
-228
-224
-180
-244
-152
-176
-180
-244
-232
-232
-240
-192
-236
-188
-220
-196
-268
-212
-176
-252
-228
-196
-212
-216
-200
-256
-272
-228
-184
-236
-236
-204
-228
-180
-148
-296
-276
-268
-220
-196
-260
-248
-248
-244
-236
-264
-200
-148
-264
-220
-248
-248
-248
-176
-268
-224
-204
-208
-196
-264
-264
-216
-216
-252
-208
-212
-264
-328
-276
-228
-212
-276
-204
-216
-272
-264
-204
-184
-216
-224
-228
-168
-276
-284
-208
-276
-204
-252
-232
-212
-184
-228
-244
-216
-264
-204
-248
-260
-228
-160
-224
-228
-264
-220
-212
-212
-276
-216
-216
-172
-220
-196
-236
-200
-164
-156
-196
-196
-264
-136
-204
-268
-160
-268
-260
-280
-232
-200
-236
-212
-212
-196
-268
-208
-236
-184
-232
-224
-264
-164
-264
-236
-204
-208
-176
-216
-224
-240
-192
-248
-168
-212
-216
-240
-260
-264
-212
-244
-204
-212
-240
-244
-188
-216
-276
-264
-224
-252
-236
-276
-272
-232
-188
-260
-224
-232
-240
-228
-292
-176
-256
-236
-196
-232
-244
-280
-232
-284
-176
-168
-204
-188
-192
-256
-224
-208
-220
-188
-220
-272
-244
-220
-228
-244
-268
-272
-236
-224
-256
-204
-224
-168
-168
-216
-236
-204
-184
-232
-224
-176
-192
-244
-228
-204
-240
-268
-204
-200
-176
-208
-232
-236
-184
-204
-224
-156
-276
-164
-256
-184
-224
-208
-208
-208
-264
-236
-248
-216
-208
-188
-236
-196
-224
-280
-236
-220
-200
-180
-308
-236
-192
-256
-248
-164
-200
-252
-168
-208
-192
-200
-200
-252
-196
-184
-272
-232
-232
-244
-192
-232
-232
-256
-244
-172
-216
-240
-216
-268
-220
-308
-212
-224
-268
-228
-276
-240
-224
-200
-236
-216
-180
-204
-196
-200
-220
-172
-216
-216
-264
-256
-220
-196
-224
-184
-220
-256
-216
-232
-232
-192
-276
-252
-200
-200
-252
-200
-196
-204
-264
-220
-236
-268
-272
-212
-228
-268
-176
-256
-240
-252
-152
-236
-204
-272
-224
-168
-260
-220
-252
-268
-204
-188
-252
-232
-220
-232
-236
-232
-156
-164
-196
-164
-164
-228
-224
-208
-256
-200
-200
-252
-136
-204
-196
-264
-228
-196
-220
-252
-204
-212
-188
-288
-208
-172
-220
-224
-212
-180
-212
-252
-272
-320
-188
-204
-212
-244
-160
-292
-212
-244
-224
-272
-264
-264
-224
-232
-260
-184
-252
-252
-188
-260
-248
-232
-296
-252
-296
-240
-256
-196
-236
-288
-232
-212
-240
-184
-252
-216
-244
-220
-180
-224
-216
-240
-292
-180
-188
-252
-204
-312
-288
-256
-212
-272
-192
-216
-196
-240
-192
-276
-260
-244
-216
-260
-164
-224
-180
-172
-168
-256
-176
-224
-252
-244
-232
-200
-164
-236
-180
-136
-272
-240
-244
-260
-232
-240
-216
-180
-256
-212
-200
-192
-288
-236
-268
-256
-212
-228
-268
-280
-212
-200
-236
-224
-196
-200
-252
-220
-164
-172
-236
-180
-228
-200
-208
-172
-216
-204
-248
-212
-236
-212
-204
-240
-180
-200
-240
-224
-264
-188
-228
-232
-256
-196
-296
-276
-188
-224
-228
-220
-212
-208
-260
-236
-292
-208
-284
-204
-220
-208
-220
-168
-240
-244
-212
-240
-200
-224
-200
-204
-224
-216
-200
-204
-216
-200
-212
-188
-204
-216
-212
-208
-188
-228
-204
-236
-148
-204
-212
-240
-188
-196
-232
-232
-200
-224
-212
-252
-224
-204
-200
-224
-200
-196
-156
-232
-220
-220
-232
-280
-184
-212
-212
-252
-252
-240
-176
-268
-196
-228
-192
-248
-240
-256
-224
-224
-196
-208
-172
-272
-268
-176
-172
-204
-160
-172
-280
-260
-264
-312
-184
-236
-268
-200
-280
-232
-268
-224
-184
-188
-208
-200
-188
-204
-204
-228
-236
-196
